buy,description,format,isbn13,related,edition,year,pages,size,publisher,name,language,author,url,isbn10,download_url,series
,,PDF,9780471340201,,,Jan 01 1966,392,,John Wiley & Sons Inc,Hakim,English,S.S. Hakim,,0471340200,,
,,PDF,9781118847282,,,Apr 28 2014,960,,Wrox,C# 5.0,English,Rod Stephens,,1118847288,,
,,PDF,9780122005503,,,Feb 11 1972,418,,Academic Press,Structured Programming,English,Ole-Johan Dahl,,0122005503,,
,,PDF,9780136378433,,,Oct 01 1973,366,,Prentice Hall,Operating System Principles,English,Per Brinch Hansen,,0136378439,,
,,PDF,9780122005565,,,Jan 01 1975,220,,"Academic Press Inc.,U.S.",Structured Programming,English,Ole-Johan Dahl,,0122005562,,
,,DJVU,9780030745508,,,May 01 1969,480,,"Holt,Rinehart & Winston of Canada Ltd",An Introduction to the History of Mathematics,English,Howard Whitley Eves,,0030745500,,
,,DJVU,9780133634730,,,May 01 1974,480,,Prentice Hall,Graph Theory,English,Thomas H. Martinson,,0133634736,,
,,PDF,9780132837965,,,Jun 14 1983,603,,Prentice Hall,Error Control Coding,English,Shu Lin,,013283796X,,
,,PDF,9780122227509,,,Nov 11 1980,393,,Academic Press,Fuzzy Sets and Systems,English,Didier Dubois,,0122227506,,
,,PDF,9780444109149,,,May 01 1976,422,,North Holland,Progress in Optics,English,Emil Wolf,,0444109145,,
,,PDF,9780122227509,,,Nov 11 1980,393,,Academic Press,Fuzzy Sets and Systems,English,Didier Dubois,,0122227506,,
,,PDF,9780844656250,,,Jun 14 1978,399,,Peter Smith,Information theory and statistics,English,Solomon Kullback,,0844656259,,
,,PDF,9780844656250,,,Jun 14 1978,399,,Peter Smith,Information theory and statistics,English,Solomon Kullback,,0844656259,,
,,PDF,9780132837965,,,Jun 14 1983,603,,Prentice Hall,Error Control Coding,English,Shu Lin,,013283796X,,
,,PDF,9780201134483,,,Jan 11 1984,496,,Addison-Wesley Professional,The TeXbook,English,Donald E. Knuth,,0201134489,,
,,PDF,9780201101508,,,Jun 01 1982,400,,Addison-Wesley Professional,Cryptography and Data Security,English,Dorothy Elizabeth Robling Denning,,0201101505,,
,,PDF,9780748620999,,,Feb 13 2007,240,,Edinburgh University Press,Minds and Computers,English,Matt Carter,,0748620990,,
,,PDF,9780748620999,,,Feb 13 2007,240,,Edinburgh University Press,Minds and Computers,English,Matt Carter,,0748620990,,
,,PDF,9780471340201,,,Jan 01 1966,392,,John Wiley & Sons Inc,Hakim,English,S.S. Hakim,,0471340200,,
,,PDF,9781118314074,,,Aug 21 2012,840,,Wrox,Visual Basic 2012,English,Rod Stephens,,1118314077,,
,,PDF,9789810201548,,,Sep 30 1990,320,,World Scientific Pub Co Inc,"Information, Randomness and Incompleteness",English,Gregory J. Chaitin,,9810201540,,
,,PDF,9780136378433,,,Oct 01 1973,366,,Prentice Hall,Operating System Principles,English,Per Brinch Hansen,,0136378439,,
,,DJVU,9780030745508,,,May 01 1969,480,,"Holt,Rinehart & Winston of Canada Ltd",An Introduction to the History of Mathematics,English,Howard Whitley Eves,,0030745500,,
,,PDF,9781466664371,,,Feb 28 2015,366,,"Idea Group,U.S.","Frameworks, Methodologies and Tools for Developing Rich Internet Applications",English,Giner Alor-Hernandez,,1466664371,,
,,PDF,9780122227509,,,Nov 11 1980,393,,Academic Press,Fuzzy Sets and Systems,English,Didier Dubois,,0122227506,,
,,PDF,9780844656250,,,Jun 14 1978,399,,Peter Smith,Information theory and statistics,English,Solomon Kullback,,0844656259,,
,,PDF,9781466664371,,,Feb 28 2015,366,,"Idea Group,U.S.","Frameworks, Methodologies and Tools for Developing Rich Internet Applications",English,Giner Alor-Hernandez,,1466664371,,
,,PDF,9780844656250,,,Jun 14 1978,399,,Peter Smith,Information theory and statistics,English,Solomon Kullback,,0844656259,,
,,PDF,9780748620999,,,Feb 13 2007,240,,Edinburgh University Press,Minds and Computers,English,Matt Carter,,0748620990,,
,,PDF,9780748620999,,,Feb 13 2007,240,,Edinburgh University Press,Minds and Computers,English,Matt Carter,,0748620990,,
,,PDF,9780471340201,,,Jan 01 1966,392,,John Wiley & Sons Inc,Hakim,English,S.S. Hakim,,0471340200,,
,,PDF,9781118314074,,,Aug 21 2012,840,,Wrox,Visual Basic 2012,English,Rod Stephens,,1118314077,,
,,PDF,9780521616041,,,Dec 02 2004,192,,Cambridge University Press,Algorithmic Information Theory,English,Gregory J. Chaitin,,0521616042,,
,,PDF,9780136378433,,,Oct 01 1973,366,,Prentice Hall,Operating System Principles,English,Per Brinch Hansen,,0136378439,,
,,PDF,9781118066881,,,Nov 01 2011,504,,Wrox,PHP and MySQL,English,Andrea Tarr,,111806688X,,
,,PDF,9780844656250,,,Jun 14 1978,399,,Peter Smith,Information theory and statistics,English,Solomon Kullback,,0844656259,,
,,PDF,9780844656250,,,Jun 14 1978,399,,Peter Smith,Information theory and statistics,English,Solomon Kullback,,0844656259,,
,,PDF,9780748620999,,,Feb 13 2007,240,,Edinburgh University Press,Minds and Computers,English,Matt Carter,,0748620990,,
,,PDF,9781466664371,,,Feb 28 2015,366,,"Idea Group,U.S.","Frameworks, Methodologies and Tools for Developing Rich Internet Applications",English,Giner Alor-Hernandez,,1466664371,,
,,PDF,9780748620999,,,Feb 13 2007,240,,Edinburgh University Press,Minds and Computers,English,Matt Carter,,0748620990,,
,,PDF,9780471340201,,,Jan 01 1966,392,,John Wiley & Sons Inc,Hakim,English,S.S. Hakim,,0471340200,,
,,PDF,9781118314074,,,Aug 21 2012,840,,Wrox,Visual Basic 2012,English,Rod Stephens,,1118314077,,
,,PDF,9780521616041,,,Dec 02 2004,192,,Cambridge University Press,Algorithmic Information Theory,English,Gregory J. Chaitin,,0521616042,,
,,PDF,9780136378433,,,Oct 01 1973,366,,Prentice Hall,Operating System Principles,English,Per Brinch Hansen,,0136378439,,
,,PDF,9780136378433,,,Oct 01 1973,366,,Prentice Hall,Operating System Principles,English,Per Brinch Hansen,,0136378439,,
,,PDF,9780844656250,,,Jun 14 1978,399,,Peter Smith,Information theory and statistics,English,Solomon Kullback,,0844656259,,
,,PDF,9780844656250,,,Jun 14 1978,399,,Peter Smith,Information theory and statistics,English,Solomon Kullback,,0844656259,,
,,PDF,9780748620999,,,Feb 13 2007,240,,Edinburgh University Press,Minds and Computers,English,Matt Carter,,0748620990,,
,,PDF,9780471340201,,,Jan 01 1966,392,,John Wiley & Sons Inc,Hakim,English,S.S. Hakim,,0471340200,,
,,PDF,9780136378433,,,Oct 01 1973,366,,Prentice Hall,Operating System Principles,English,Per Brinch Hansen,,0136378439,,
,,PDF,9781118314074,,,Aug 21 2012,840,,Wrox,Visual Basic 2012,English,Rod Stephens,,1118314077,,
,,PDF,9780521616041,,,Dec 02 2004,192,,Cambridge University Press,Algorithmic Information Theory,English,Gregory J. Chaitin,,0521616042,,
,,PDF,9780136378433,,,Oct 01 1973,366,,Prentice Hall,Operating System Principles,English,Per Brinch Hansen,,0136378439,,
,,PDF,9781466664371,,,Feb 28 2015,366,,"Idea Group,U.S.","Frameworks, Methodologies and Tools for Developing Rich Internet Applications",English,Giner Alor-Hernandez,,1466664371,,
,,PDF,9781466664371,,,Feb 28 2015,366,,"Idea Group,U.S.","Frameworks, Methodologies and Tools for Developing Rich Internet Applications",English,Giner Alor-Hernandez,,1466664371,,
,,PDF,9780844656250,,,Jun 14 1978,399,,Peter Smith,Information theory and statistics,English,Solomon Kullback,,0844656259,,
,,PDF,9781466664371,,,Feb 28 2015,366,,"Idea Group,U.S.","Frameworks, Methodologies and Tools for Developing Rich Internet Applications",English,Giner Alor-Hernandez,,1466664371,,
,,PDF,9780748620999,,,Feb 13 2007,240,,Edinburgh University Press,Minds and Computers,English,Matt Carter,,0748620990,,
,,PDF,9780471340201,,,Jan 01 1966,392,,John Wiley & Sons Inc,Hakim,English,S.S. Hakim,,0471340200,,
,,PDF,9780136378433,,,Oct 01 1973,366,,Prentice Hall,Operating System Principles,English,Per Brinch Hansen,,0136378439,,
,,PDF,9780521616041,,,Dec 02 2004,192,,Cambridge University Press,Algorithmic Information Theory,English,Gregory J. Chaitin,,0521616042,,
,,PDF,9781440308420,,,Mar 11 2011,272,,HOW Books,Above the Fold,English,Brian Miller Ed.D,,144030842X,,
,,PDF,9780136378433,,,Oct 01 1973,366,,Prentice Hall,Operating System Principles,English,Per Brinch Hansen,,0136378439,,
,,PDF,9780844656250,,,Jun 14 1978,399,,Peter Smith,Information theory and statistics,English,Solomon Kullback,,0844656259,,
,,PDF,9780748620999,,,Feb 13 2007,240,,Edinburgh University Press,Minds and Computers,English,Matt Carter,,0748620990,,
,,PDF,9781466664371,,,Feb 28 2015,366,,"Idea Group,U.S.","Frameworks, Methodologies and Tools for Developing Rich Internet Applications",English,Giner Alor-Hernandez,,1466664371,,
,,PDF,9780521616041,,,Dec 02 2004,192,,Cambridge University Press,Algorithmic Information Theory,English,Gregory J. Chaitin,,0521616042,,
,,PDF,9780136378433,,,Oct 01 1973,366,,Prentice Hall,Operating System Principles,English,Per Brinch Hansen,,0136378439,,
,,PDF,9780136378433,,,Oct 01 1973,366,,Prentice Hall,Operating System Principles,English,Per Brinch Hansen,,0136378439,,
,,PDF,9780844656250,,,Jun 14 1978,399,,Peter Smith,Information theory and statistics,English,Solomon Kullback,,0844656259,,
,,PDF,9780748620999,,,Feb 13 2007,240,,Edinburgh University Press,Minds and Computers,English,Matt Carter,,0748620990,,
,,PDF,9780521616041,,,Dec 02 2004,192,,Cambridge University Press,Algorithmic Information Theory,English,Gregory J. Chaitin,,0521616042,,
,,PDF,9780136378433,,,Oct 01 1973,366,,Prentice Hall,Operating System Principles,English,Per Brinch Hansen,,0136378439,,
,,PDF,9780136378433,,,Oct 01 1973,366,,Prentice Hall,Operating System Principles,English,Per Brinch Hansen,,0136378439,,
,,PDF,9780844656250,,,Jun 14 1978,399,,Peter Smith,Information theory and statistics,English,Solomon Kullback,,0844656259,,
,,PDF,9780748620999,,,Feb 13 2007,240,,Edinburgh University Press,Minds and Computers,English,Matt Carter,,0748620990,,
,,PDF,9780521616041,,,Dec 02 2004,192,,Cambridge University Press,Algorithmic Information Theory,English,Gregory J. Chaitin,,0521616042,,
,,PDF,9780136378433,,,Oct 01 1973,366,,Prentice Hall,Operating System Principles,English,Per Brinch Hansen,,0136378439,,
,,PDF,9780136378433,,,Oct 01 1973,366,,Prentice Hall,Operating System Principles,English,Per Brinch Hansen,,0136378439,,
,,PDF,9780844656250,,,Jun 14 1978,399,,Peter Smith,Information theory and statistics,English,Solomon Kullback,,0844656259,,
,,PDF,9780748620999,,,Feb 13 2007,240,,Edinburgh University Press,Minds and Computers,English,Matt Carter,,0748620990,,
,,PDF,9780521616041,,,Dec 02 2004,192,,Cambridge University Press,Algorithmic Information Theory,English,Gregory J. Chaitin,,0521616042,,
,,PDF,9780521616041,,,Dec 02 2004,192,,Cambridge University Press,Algorithmic Information Theory,English,Gregory J. Chaitin,,0521616042,,
,,PDF,9780136378433,,,Oct 01 1973,366,,Prentice Hall,Operating System Principles,English,Per Brinch Hansen,,0136378439,,
,,PDF,9780136378433,,,Oct 01 1973,366,,Prentice Hall,Operating System Principles,English,Per Brinch Hansen,,0136378439,,
,,PDF,9780844656250,,,Jun 14 1978,399,,Peter Smith,Information theory and statistics,English,Solomon Kullback,,0844656259,,
,,PDF,9780521616041,,,Dec 02 2004,192,,Cambridge University Press,Algorithmic Information Theory,English,Gregory J. Chaitin,,0521616042,,
,,PDF,9780748620999,,,Feb 13 2007,240,,Edinburgh University Press,Minds and Computers,English,Matt Carter,,0748620990,,
buy,description,format,isbn13,related,edition,year,pages,size,publisher,name,language,author,url,isbn10,download_url,series
,,PDF,9781118847282,,,Apr 28 2014,960,,Wrox,C# 5.0,English,Rod Stephens,https://ebooks-it.org/1118847288-ebook.htm,1118847288,,
,,DJVU,9780030745508,,,May 01 1969,480,,"Holt,Rinehart & Winston of Canada Ltd",An Introduction to the History of Mathematics,English,Howard Whitley Eves,https://ebooks-it.org/0030745500-ebook.htm,0030745500,,
,,PDF,9780471340201,,,Jan 01 1966,392,,John Wiley & Sons Inc,Hakim,English,S.S. Hakim,https://ebooks-it.org/0471340200-ebook.htm,0471340200,,
,,PDF,9780122005503,,,Feb 11 1972,418,,Academic Press,Structured Programming,English,Ole-Johan Dahl,https://ebooks-it.org/0122005503-ebook.htm,0122005503,,
,,PDF,9780136378433,,,Oct 01 1973,366,,Prentice Hall,Operating System Principles,English,Per Brinch Hansen,https://ebooks-it.org/0136378439-ebook.htm,0136378439,,
,,PDF,9780122005565,,,Jan 01 1975,220,,"Academic Press Inc.,U.S.",Structured Programming,English,Ole-Johan Dahl,https://ebooks-it.org/0122005562-ebook.htm,0122005562,,
,,PDF,9780444109149,,,May 01 1976,422,,North Holland,Progress in Optics,English,Emil Wolf,https://ebooks-it.org/0444109145-ebook.htm,0444109145,,
,,DJVU,9780133634730,,,May 01 1974,480,,Prentice Hall,Graph Theory,English,Thomas H. Martinson,https://ebooks-it.org/0133634736-ebook.htm,0133634736,,
,,DJVU,9780133634730,,,May 01 1974,480,,Prentice Hall,Graph Theory,English,Thomas H. Martinson,https://ebooks-it.org/0133634736-ebook.htm,0133634736,,
,,PDF,9780122227509,,,Nov 11 1980,393,,Academic Press,Fuzzy Sets and Systems,English,Didier Dubois,https://ebooks-it.org/0122227506-ebook.htm,0122227506,,
,,PDF,9780844656250,,,Jun 14 1978,399,,Peter Smith,Information theory and statistics,English,Solomon Kullback,https://ebooks-it.org/0844656259-ebook.htm,0844656259,,
,,PDF,9780844656250,,,Jun 14 1978,399,,Peter Smith,Information theory and statistics,English,Solomon Kullback,https://ebooks-it.org/0844656259-ebook.htm,0844656259,,
,,PDF,9780122227509,,,Nov 11 1980,393,,Academic Press,Fuzzy Sets and Systems,English,Didier Dubois,https://ebooks-it.org/0122227506-ebook.htm,0122227506,,
,,PDF,9780201101508,,,Jun 01 1982,400,,Addison-Wesley Professional,Cryptography and Data Security,English,Dorothy Elizabeth Robling Denning,https://ebooks-it.org/0201101505-ebook.htm,0201101505,,
,,PDF,9780132837965,,,Jun 14 1983,603,,Prentice Hall,Error Control Coding,English,Shu Lin,https://ebooks-it.org/013283796x-ebook.htm,013283796X,,
,,PDF,9780201134483,,,Jan 11 1984,496,,Addison-Wesley Professional,The TeXbook,English,Donald E. Knuth,https://ebooks-it.org/0201134489-ebook.htm,0201134489,,
,,PDF,9781118314074,,,Aug 21 2012,840,,Wrox,Visual Basic 2012,English,Rod Stephens,https://ebooks-it.org/1118314077-ebook.htm,1118314077,,
,,PDF,9780136378433,,,Oct 01 1973,366,,Prentice Hall,Operating System Principles,English,Per Brinch Hansen,https://ebooks-it.org/0136378439-ebook.htm,0136378439,,
,,PDF,9780471340201,,,Jan 01 1966,392,,John Wiley & Sons Inc,Hakim,English,S.S. Hakim,https://ebooks-it.org/0471340200-ebook.htm,0471340200,,
,,PDF,9780444109149,,,May 01 1976,422,,North Holland,Progress in Optics,English,Emil Wolf,https://ebooks-it.org/0444109145-ebook.htm,0444109145,,
,,DJVU,9780133634730,,,May 01 1974,480,,Prentice Hall,Graph Theory,English,Thomas H. Martinson,https://ebooks-it.org/0133634736-ebook.htm,0133634736,,
,,PDF,9780122227509,,,Nov 11 1980,393,,Academic Press,Fuzzy Sets and Systems,English,Didier Dubois,https://ebooks-it.org/0122227506-ebook.htm,0122227506,,
,,PDF,9780122227509,,,Nov 11 1980,393,,Academic Press,Fuzzy Sets and Systems,English,Didier Dubois,https://ebooks-it.org/0122227506-ebook.htm,0122227506,,
,,PDF,9780844656250,,,Jun 14 1978,399,,Peter Smith,Information theory and statistics,English,Solomon Kullback,https://ebooks-it.org/0844656259-ebook.htm,0844656259,,
,,PDF,9780844656250,,,Jun 14 1978,399,,Peter Smith,Information theory and statistics,English,Solomon Kullback,https://ebooks-it.org/0844656259-ebook.htm,0844656259,,
,,PDF,9780201101508,,,Jun 01 1982,400,,Addison-Wesley Professional,Cryptography and Data Security,English,Dorothy Elizabeth Robling Denning,https://ebooks-it.org/0201101505-ebook.htm,0201101505,,
,,PDF,9780130426727,,,Jun 07 2004,1272,,Prentice Hall,Error Control Coding,English,Shu Lin,https://ebooks-it.org/0130426725-ebook.htm,0130426725,,
,,DJVU,9780201896831,,,Jul 17 1997,672,,Addison-Wesley Professional,The Art of Computer Programming Volume 1,English,Donald E. Knuth,https://ebooks-it.org/0201896834-ebook.htm,0201896834,,
,,CHM,9780321304544,,,Feb 13 2005,744,,Addison-Wesley Professional,The Art of Computer Virus Research and Defense,English,Peter Szor,https://ebooks-it.org/0321304543-ebook.htm,0321304543,,
,,PDF,9781118314074,,,Aug 21 2012,840,,Wrox,Visual Basic 2012,English,Rod Stephens,https://ebooks-it.org/1118314077-ebook.htm,1118314077,,
,,PDF,9780136378433,,,Oct 01 1973,366,,Prentice Hall,Operating System Principles,English,Per Brinch Hansen,https://ebooks-it.org/0136378439-ebook.htm,0136378439,,
,,PDF,9780444109149,,,May 01 1976,422,,North Holland,Progress in Optics,English,Emil Wolf,https://ebooks-it.org/0444109145-ebook.htm,0444109145,,
,,PDF,9780471340201,,,Jan 01 1966,392,,John Wiley & Sons Inc,Hakim,English,S.S. Hakim,https://ebooks-it.org/0471340200-ebook.htm,0471340200,,
,,DJVU,9780133634730,,,May 01 1974,480,,Prentice Hall,Graph Theory,English,Thomas H. Martinson,https://ebooks-it.org/0133634736-ebook.htm,0133634736,,
,,PDF,9780122227509,,,Nov 11 1980,393,,Academic Press,Fuzzy Sets and Systems,English,Didier Dubois,https://ebooks-it.org/0122227506-ebook.htm,0122227506,,
,,PDF,9780122227509,,,Nov 11 1980,393,,Academic Press,Fuzzy Sets and Systems,English,Didier Dubois,https://ebooks-it.org/0122227506-ebook.htm,0122227506,,
,,PDF,9780844656250,,,Jun 14 1978,399,,Peter Smith,Information theory and statistics,English,Solomon Kullback,https://ebooks-it.org/0844656259-ebook.htm,0844656259,,
,,PDF,9780844656250,,,Jun 14 1978,399,,Peter Smith,Information theory and statistics,English,Solomon Kullback,https://ebooks-it.org/0844656259-ebook.htm,0844656259,,
,,PDF,9780201101508,,,Jun 01 1982,400,,Addison-Wesley Professional,Cryptography and Data Security,English,Dorothy Elizabeth Robling Denning,https://ebooks-it.org/0201101505-ebook.htm,0201101505,,
,,PDF,9780130426727,,,Jun 07 2004,1272,,Prentice Hall,Error Control Coding,English,Shu Lin,https://ebooks-it.org/0130426725-ebook.htm,0130426725,,
,,CHM,9780321304544,,,Feb 13 2005,744,,Addison-Wesley Professional,The Art of Computer Virus Research and Defense,English,Peter Szor,https://ebooks-it.org/0321304543-ebook.htm,0321304543,,
,,PDF,9781118314074,,,Aug 21 2012,840,,Wrox,Visual Basic 2012,English,Rod Stephens,https://ebooks-it.org/1118314077-ebook.htm,1118314077,,
,,PDF,9780136378433,,,Oct 01 1973,366,,Prentice Hall,Operating System Principles,English,Per Brinch Hansen,https://ebooks-it.org/0136378439-ebook.htm,0136378439,,
,,PDF,9780444109149,,,May 01 1976,422,,North Holland,Progress in Optics,English,Emil Wolf,https://ebooks-it.org/0444109145-ebook.htm,0444109145,,
,,PDF,9780471340201,,,Jan 01 1966,392,,John Wiley & Sons Inc,Hakim,English,S.S. Hakim,https://ebooks-it.org/0471340200-ebook.htm,0471340200,,
,,DJVU,9780133634730,,,May 01 1974,480,,Prentice Hall,Graph Theory,English,Thomas H. Martinson,https://ebooks-it.org/0133634736-ebook.htm,0133634736,,
,,PDF,9780122227509,,,Nov 11 1980,393,,Academic Press,Fuzzy Sets and Systems,English,Didier Dubois,https://ebooks-it.org/0122227506-ebook.htm,0122227506,,
,,PDF,9780122227509,,,Nov 11 1980,393,,Academic Press,Fuzzy Sets and Systems,English,Didier Dubois,https://ebooks-it.org/0122227506-ebook.htm,0122227506,,
,,PDF,9780844656250,,,Jun 14 1978,399,,Peter Smith,Information theory and statistics,English,Solomon Kullback,https://ebooks-it.org/0844656259-ebook.htm,0844656259,,
,,PDF,9780844656250,,,Jun 14 1978,399,,Peter Smith,Information theory and statistics,English,Solomon Kullback,https://ebooks-it.org/0844656259-ebook.htm,0844656259,,
,,PDF,9780201101508,,,Jun 01 1982,400,,Addison-Wesley Professional,Cryptography and Data Security,English,Dorothy Elizabeth Robling Denning,https://ebooks-it.org/0201101505-ebook.htm,0201101505,,
,,PDF,9780130426727,,,Jun 07 2004,1272,,Prentice Hall,Error Control Coding,English,Shu Lin,https://ebooks-it.org/0130426725-ebook.htm,0130426725,,
,,CHM,9780321304544,,,Feb 13 2005,744,,Addison-Wesley Professional,The Art of Computer Virus Research and Defense,English,Peter Szor,https://ebooks-it.org/0321304543-ebook.htm,0321304543,,
,,PDF,9781118314074,,,Aug 21 2012,840,,Wrox,Visual Basic 2012,English,Rod Stephens,https://ebooks-it.org/1118314077-ebook.htm,1118314077,,
,,PDF,9780136378433,,,Oct 01 1973,366,,Prentice Hall,Operating System Principles,English,Per Brinch Hansen,https://ebooks-it.org/0136378439-ebook.htm,0136378439,,
,,PDF,9780471340201,,,Jan 01 1966,392,,John Wiley & Sons Inc,Hakim,English,S.S. Hakim,https://ebooks-it.org/0471340200-ebook.htm,0471340200,,
,,PDF,9780444109149,,,May 01 1976,422,,North Holland,Progress in Optics,English,Emil Wolf,https://ebooks-it.org/0444109145-ebook.htm,0444109145,,
,,DJVU,9780133634730,,,May 01 1974,480,,Prentice Hall,Graph Theory,English,Thomas H. Martinson,https://ebooks-it.org/0133634736-ebook.htm,0133634736,,
,,PDF,9780122227509,,,Nov 11 1980,393,,Academic Press,Fuzzy Sets and Systems,English,Didier Dubois,https://ebooks-it.org/0122227506-ebook.htm,0122227506,,
,,PDF,9780122227509,,,Nov 11 1980,393,,Academic Press,Fuzzy Sets and Systems,English,Didier Dubois,https://ebooks-it.org/0122227506-ebook.htm,0122227506,,
,,PDF,9780844656250,,,Jun 14 1978,399,,Peter Smith,Information theory and statistics,English,Solomon Kullback,https://ebooks-it.org/0844656259-ebook.htm,0844656259,,
,,PDF,9780844656250,,,Jun 14 1978,399,,Peter Smith,Information theory and statistics,English,Solomon Kullback,https://ebooks-it.org/0844656259-ebook.htm,0844656259,,
,,PDF,9780201101508,,,Jun 01 1982,400,,Addison-Wesley Professional,Cryptography and Data Security,English,Dorothy Elizabeth Robling Denning,https://ebooks-it.org/0201101505-ebook.htm,0201101505,,
,,PDF,9780130426727,,,Jun 07 2004,1272,,Prentice Hall,Error Control Coding,English,Shu Lin,https://ebooks-it.org/0130426725-ebook.htm,0130426725,,
,,CHM,9780321304544,,,Feb 13 2005,744,,Addison-Wesley Professional,The Art of Computer Virus Research and Defense,English,Peter Szor,https://ebooks-it.org/0321304543-ebook.htm,0321304543,,
,,PDF,9780136378433,,,Oct 01 1973,366,,Prentice Hall,Operating System Principles,English,Per Brinch Hansen,https://ebooks-it.org/0136378439-ebook.htm,0136378439,,
,,PDF,9781118314074,,,Aug 21 2012,840,,Wrox,Visual Basic 2012,English,Rod Stephens,https://ebooks-it.org/1118314077-ebook.htm,1118314077,,
,,PDF,9780471340201,,,Jan 01 1966,392,,John Wiley & Sons Inc,Hakim,English,S.S. Hakim,https://ebooks-it.org/0471340200-ebook.htm,0471340200,,
,,PDF,9780444109149,,,May 01 1976,422,,North Holland,Progress in Optics,English,Emil Wolf,https://ebooks-it.org/0444109145-ebook.htm,0444109145,,
,,PDF,9780122227509,,,Nov 11 1980,393,,Academic Press,Fuzzy Sets and Systems,English,Didier Dubois,https://ebooks-it.org/0122227506-ebook.htm,0122227506,,
,,PDF,9780122227509,,,Nov 11 1980,393,,Academic Press,Fuzzy Sets and Systems,English,Didier Dubois,https://ebooks-it.org/0122227506-ebook.htm,0122227506,,
,,PDF,9780844656250,,,Jun 14 1978,399,,Peter Smith,Information theory and statistics,English,Solomon Kullback,https://ebooks-it.org/0844656259-ebook.htm,0844656259,,
,,PDF,9780844656250,,,Jun 14 1978,399,,Peter Smith,Information theory and statistics,English,Solomon Kullback,https://ebooks-it.org/0844656259-ebook.htm,0844656259,,
,,PDF,9780130426727,,,Jun 07 2004,1272,,Prentice Hall,Error Control Coding,English,Shu Lin,https://ebooks-it.org/0130426725-ebook.htm,0130426725,,
,,PDF,9780201101508,,,Jun 01 1982,400,,Addison-Wesley Professional,Cryptography and Data Security,English,Dorothy Elizabeth Robling Denning,https://ebooks-it.org/0201101505-ebook.htm,0201101505,,
,,CHM,9780321304544,,,Feb 13 2005,744,,Addison-Wesley Professional,The Art of Computer Virus Research and Defense,English,Peter Szor,https://ebooks-it.org/0321304543-ebook.htm,0321304543,,
,,PDF,9780136378433,,,Oct 01 1973,366,,Prentice Hall,Operating System Principles,English,Per Brinch Hansen,https://ebooks-it.org/0136378439-ebook.htm,0136378439,,
,,PDF,9781118314074,,,Aug 21 2012,840,,Wrox,Visual Basic 2012,English,Rod Stephens,https://ebooks-it.org/1118314077-ebook.htm,1118314077,,
,,PDF,9780471340201,,,Jan 01 1966,392,,John Wiley & Sons Inc,Hakim,English,S.S. Hakim,https://ebooks-it.org/0471340200-ebook.htm,0471340200,,
,,PDF,9780444109149,,,May 01 1976,422,,North Holland,Progress in Optics,English,Emil Wolf,https://ebooks-it.org/0444109145-ebook.htm,0444109145,,
,,PDF,9780122227509,,,Nov 11 1980,393,,Academic Press,Fuzzy Sets and Systems,English,Didier Dubois,https://ebooks-it.org/0122227506-ebook.htm,0122227506,,
,,PDF,9780844656250,,,Jun 14 1978,399,,Peter Smith,Information theory and statistics,English,Solomon Kullback,https://ebooks-it.org/0844656259-ebook.htm,0844656259,,
,,PDF,9780122227509,,,Nov 11 1980,393,,Academic Press,Fuzzy Sets and Systems,English,Didier Dubois,https://ebooks-it.org/0122227506-ebook.htm,0122227506,,
,,PDF,9780844656250,,,Jun 14 1978,399,,Peter Smith,Information theory and statistics,English,Solomon Kullback,https://ebooks-it.org/0844656259-ebook.htm,0844656259,,
,,PDF,9780130426727,,,Jun 07 2004,1272,,Prentice Hall,Error Control Coding,English,Shu Lin,https://ebooks-it.org/0130426725-ebook.htm,0130426725,,
,,PDF,9780201101508,,,Jun 01 1982,400,,Addison-Wesley Professional,Cryptography and Data Security,English,Dorothy Elizabeth Robling Denning,https://ebooks-it.org/0201101505-ebook.htm,0201101505,,
,,CHM,9780321304544,,,Feb 13 2005,744,,Addison-Wesley Professional,The Art of Computer Virus Research and Defense,English,Peter Szor,https://ebooks-it.org/0321304543-ebook.htm,0321304543,,
,,PDF,9780136378433,,,Oct 01 1973,366,,Prentice Hall,Operating System Principles,English,Per Brinch Hansen,https://ebooks-it.org/0136378439-ebook.htm,0136378439,,
,,PDF,9781118314074,,,Aug 21 2012,840,,Wrox,Visual Basic 2012,English,Rod Stephens,https://ebooks-it.org/1118314077-ebook.htm,1118314077,,
,,PDF,9780471340201,,,Jan 01 1966,392,,John Wiley & Sons Inc,Hakim,English,S.S. Hakim,https://ebooks-it.org/0471340200-ebook.htm,0471340200,,
,,PDF,9780444109149,,,May 01 1976,422,,North Holland,Progress in Optics,English,Emil Wolf,https://ebooks-it.org/0444109145-ebook.htm,0444109145,,
,,PDF,9780122227509,,,Nov 11 1980,393,,Academic Press,Fuzzy Sets and Systems,English,Didier Dubois,https://ebooks-it.org/0122227506-ebook.htm,0122227506,,
,,PDF,9780122227509,,,Nov 11 1980,393,,Academic Press,Fuzzy Sets and Systems,English,Didier Dubois,https://ebooks-it.org/0122227506-ebook.htm,0122227506,,
,,PDF,9780844656250,,,Jun 14 1978,399,,Peter Smith,Information theory and statistics,English,Solomon Kullback,https://ebooks-it.org/0844656259-ebook.htm,0844656259,,
,,PDF,9780122227509,,,Nov 11 1980,393,,Academic Press,Fuzzy Sets and Systems,English,Didier Dubois,https://ebooks-it.org/0122227506-ebook.htm,0122227506,,
,,PDF,9780844656250,,,Jun 14 1978,399,,Peter Smith,Information theory and statistics,English,Solomon Kullback,https://ebooks-it.org/0844656259-ebook.htm,0844656259,,
,,PDF,9780130426727,,,Jun 07 2004,1272,,Prentice Hall,Error Control Coding,English,Shu Lin,https://ebooks-it.org/0130426725-ebook.htm,0130426725,,
,,PDF,9780201101508,,,Jun 01 1982,400,,Addison-Wesley Professional,Cryptography and Data Security,English,Dorothy Elizabeth Robling Denning,https://ebooks-it.org/0201101505-ebook.htm,0201101505,,
,,CHM,9780321304544,,,Feb 13 2005,744,,Addison-Wesley Professional,The Art of Computer Virus Research and Defense,English,Peter Szor,https://ebooks-it.org/0321304543-ebook.htm,0321304543,,
,,PDF,9780136378433,,,Oct 01 1973,366,,Prentice Hall,Operating System Principles,English,Per Brinch Hansen,https://ebooks-it.org/0136378439-ebook.htm,0136378439,,
,,PDF,9781118314074,,,Aug 21 2012,840,,Wrox,Visual Basic 2012,English,Rod Stephens,https://ebooks-it.org/1118314077-ebook.htm,1118314077,,
,,PDF,9780471340201,,,Jan 01 1966,392,,John Wiley & Sons Inc,Hakim,English,S.S. Hakim,https://ebooks-it.org/0471340200-ebook.htm,0471340200,,
,,PDF,9780444109149,,,May 01 1976,422,,North Holland,Progress in Optics,English,Emil Wolf,https://ebooks-it.org/0444109145-ebook.htm,0444109145,,
,,PDF,9780122227509,,,Nov 11 1980,393,,Academic Press,Fuzzy Sets and Systems,English,Didier Dubois,https://ebooks-it.org/0122227506-ebook.htm,0122227506,,
,,PDF,9780844656250,,,Jun 14 1978,399,,Peter Smith,Information theory and statistics,English,Solomon Kullback,https://ebooks-it.org/0844656259-ebook.htm,0844656259,,
,,PDF,9780122227509,,,Nov 11 1980,393,,Academic Press,Fuzzy Sets and Systems,English,Didier Dubois,https://ebooks-it.org/0122227506-ebook.htm,0122227506,,
,,PDF,9780122227509,,,Nov 11 1980,393,,Academic Press,Fuzzy Sets and Systems,English,Didier Dubois,https://ebooks-it.org/0122227506-ebook.htm,0122227506,,
,,PDF,9780130426727,,,Jun 07 2004,1272,,Prentice Hall,Error Control Coding,English,Shu Lin,https://ebooks-it.org/0130426725-ebook.htm,0130426725,,
,,PDF,9780844656250,,,Jun 14 1978,399,,Peter Smith,Information theory and statistics,English,Solomon Kullback,https://ebooks-it.org/0844656259-ebook.htm,0844656259,,
,,PDF,9780201101508,,,Jun 01 1982,400,,Addison-Wesley Professional,Cryptography and Data Security,English,Dorothy Elizabeth Robling Denning,https://ebooks-it.org/0201101505-ebook.htm,0201101505,,
,,PDF,9780201101508,,,Jun 01 1982,400,,Addison-Wesley Professional,Cryptography and Data Security,English,Dorothy Elizabeth Robling Denning,https://ebooks-it.org/0201101505-ebook.htm,0201101505,,
,,PDF,9780136378433,,,Oct 01 1973,366,,Prentice Hall,Operating System Principles,English,Per Brinch Hansen,https://ebooks-it.org/0136378439-ebook.htm,0136378439,,
,,PDF,9781118314074,,,Aug 21 2012,840,,Wrox,Visual Basic 2012,English,Rod Stephens,https://ebooks-it.org/1118314077-ebook.htm,1118314077,,
,,PDF,9780471340201,,,Jan 01 1966,392,,John Wiley & Sons Inc,Hakim,English,S.S. Hakim,https://ebooks-it.org/0471340200-ebook.htm,0471340200,,
,,PDF,9780444109149,,,May 01 1976,422,,North Holland,Progress in Optics,English,Emil Wolf,https://ebooks-it.org/0444109145-ebook.htm,0444109145,,
,,PDF,9780122227509,,,Nov 11 1980,393,,Academic Press,Fuzzy Sets and Systems,English,Didier Dubois,https://ebooks-it.org/0122227506-ebook.htm,0122227506,,
,,PDF,9780122227509,,,Nov 11 1980,393,,Academic Press,Fuzzy Sets and Systems,English,Didier Dubois,https://ebooks-it.org/0122227506-ebook.htm,0122227506,,
,,PDF,9780844656250,,,Jun 14 1978,399,,Peter Smith,Information theory and statistics,English,Solomon Kullback,https://ebooks-it.org/0844656259-ebook.htm,0844656259,,
,,PDF,9780122227509,,,Nov 11 1980,393,,Academic Press,Fuzzy Sets and Systems,English,Didier Dubois,https://ebooks-it.org/0122227506-ebook.htm,0122227506,,
,,PDF,9780130426727,,,Jun 07 2004,1272,,Prentice Hall,Error Control Coding,English,Shu Lin,https://ebooks-it.org/0130426725-ebook.htm,0130426725,,
,,PDF,9780844656250,,,Jun 14 1978,399,,Peter Smith,Information theory and statistics,English,Solomon Kullback,https://ebooks-it.org/0844656259-ebook.htm,0844656259,,
,,PDF,9780201101508,,,Jun 01 1982,400,,Addison-Wesley Professional,Cryptography and Data Security,English,Dorothy Elizabeth Robling Denning,https://ebooks-it.org/0201101505-ebook.htm,0201101505,,
,,PDF,9780136378433,,,Oct 01 1973,366,,Prentice Hall,Operating System Principles,English,Per Brinch Hansen,https://ebooks-it.org/0136378439-ebook.htm,0136378439,,
,,PDF,9781118314074,,,Aug 21 2012,840,,Wrox,Visual Basic 2012,English,Rod Stephens,https://ebooks-it.org/1118314077-ebook.htm,1118314077,,
,,PDF,9780122227509,,,Nov 11 1980,393,,Academic Press,Fuzzy Sets and Systems,English,Didier Dubois,https://ebooks-it.org/0122227506-ebook.htm,0122227506,,
,,PDF,9780471340201,,,Jan 01 1966,392,,John Wiley & Sons Inc,Hakim,English,S.S. Hakim,https://ebooks-it.org/0471340200-ebook.htm,0471340200,,
,,PDF,9780444109149,,,May 01 1976,422,,North Holland,Progress in Optics,English,Emil Wolf,https://ebooks-it.org/0444109145-ebook.htm,0444109145,,
,,PDF,9780122227509,,,Nov 11 1980,393,,Academic Press,Fuzzy Sets and Systems,English,Didier Dubois,https://ebooks-it.org/0122227506-ebook.htm,0122227506,,
,,PDF,9780844656250,,,Jun 14 1978,399,,Peter Smith,Information theory and statistics,English,Solomon Kullback,https://ebooks-it.org/0844656259-ebook.htm,0844656259,,
,,PDF,9780122227509,,,Nov 11 1980,393,,Academic Press,Fuzzy Sets and Systems,English,Didier Dubois,https://ebooks-it.org/0122227506-ebook.htm,0122227506,,
,,PDF,9780130426727,,,Jun 07 2004,1272,,Prentice Hall,Error Control Coding,English,Shu Lin,https://ebooks-it.org/0130426725-ebook.htm,0130426725,,
,,PDF,9780844656250,,,Jun 14 1978,399,,Peter Smith,Information theory and statistics,English,Solomon Kullback,https://ebooks-it.org/0844656259-ebook.htm,0844656259,,
,,PDF,9780201101508,,,Jun 01 1982,400,,Addison-Wesley Professional,Cryptography and Data Security,English,Dorothy Elizabeth Robling Denning,https://ebooks-it.org/0201101505-ebook.htm,0201101505,,
,,PDF,9780136378433,,,Oct 01 1973,366,,Prentice Hall,Operating System Principles,English,Per Brinch Hansen,https://ebooks-it.org/0136378439-ebook.htm,0136378439,,
,,PDF,9781118314074,,,Aug 21 2012,840,,Wrox,Visual Basic 2012,English,Rod Stephens,https://ebooks-it.org/1118314077-ebook.htm,1118314077,,
,,PDF,9781118314074,,,Aug 21 2012,840,,Wrox,Visual Basic 2012,English,Rod Stephens,https://ebooks-it.org/1118314077-ebook.htm,1118314077,,
,,PDF,9780471340201,,,Jan 01 1966,392,,John Wiley & Sons Inc,Hakim,English,S.S. Hakim,https://ebooks-it.org/0471340200-ebook.htm,0471340200,,
,,PDF,9780122227509,,,Nov 11 1980,393,,Academic Press,Fuzzy Sets and Systems,English,Didier Dubois,https://ebooks-it.org/0122227506-ebook.htm,0122227506,,
,,PDF,9780122227509,,,Nov 11 1980,393,,Academic Press,Fuzzy Sets and Systems,English,Didier Dubois,https://ebooks-it.org/0122227506-ebook.htm,0122227506,,
,,PDF,9780844656250,,,Jun 14 1978,399,,Peter Smith,Information theory and statistics,English,Solomon Kullback,https://ebooks-it.org/0844656259-ebook.htm,0844656259,,
,,PDF,9780444109149,,,May 01 1976,422,,North Holland,Progress in Optics,English,Emil Wolf,https://ebooks-it.org/0444109145-ebook.htm,0444109145,,
,,PDF,9780130426727,,,Jun 07 2004,1272,,Prentice Hall,Error Control Coding,English,Shu Lin,https://ebooks-it.org/0130426725-ebook.htm,0130426725,,
,,PDF,9780122227509,,,Nov 11 1980,393,,Academic Press,Fuzzy Sets and Systems,English,Didier Dubois,https://ebooks-it.org/0122227506-ebook.htm,0122227506,,
,,PDF,9780844656250,,,Jun 14 1978,399,,Peter Smith,Information theory and statistics,English,Solomon Kullback,https://ebooks-it.org/0844656259-ebook.htm,0844656259,,
,,PDF,9780136378433,,,Oct 01 1973,366,,Prentice Hall,Operating System Principles,English,Per Brinch Hansen,https://ebooks-it.org/0136378439-ebook.htm,0136378439,,
,,PDF,9781118314074,,,Aug 21 2012,840,,Wrox,Visual Basic 2012,English,Rod Stephens,https://ebooks-it.org/1118314077-ebook.htm,1118314077,,
,,PDF,9781440308420,,,Mar 11 2011,272,,HOW Books,Above the Fold,English,Brian Miller Ed.D,https://ebooks-it.org/144030842x-ebook.htm,144030842X,,
,,PDF,9780471340201,,,Jan 01 1966,392,,John Wiley & Sons Inc,Hakim,English,S.S. Hakim,https://ebooks-it.org/0471340200-ebook.htm,0471340200,,
,,PDF,9780122227509,,,Nov 11 1980,393,,Academic Press,Fuzzy Sets and Systems,English,Didier Dubois,https://ebooks-it.org/0122227506-ebook.htm,0122227506,,
,,PDF,9780122227509,,,Nov 11 1980,393,,Academic Press,Fuzzy Sets and Systems,English,Didier Dubois,https://ebooks-it.org/0122227506-ebook.htm,0122227506,,
,,PDF,9780120683772,,,Nov 11 2002,416,,Academic Press,Data Acquisition Techniques Using PCs,English,Howard Austerlitz,https://ebooks-it.org/0120683776-ebook.htm,0120683776,,
,,PDF,9780130426727,,,Jun 07 2004,1272,,Prentice Hall,Error Control Coding,English,Shu Lin,https://ebooks-it.org/0130426725-ebook.htm,0130426725,,
,,PDF,9780844656250,,,Jun 14 1978,399,,Peter Smith,Information theory and statistics,English,Solomon Kullback,https://ebooks-it.org/0844656259-ebook.htm,0844656259,,
,,PDF,9780444109149,,,May 01 1976,422,,North Holland,Progress in Optics,English,Emil Wolf,https://ebooks-it.org/0444109145-ebook.htm,0444109145,,
,,PDF,9780122227509,,,Nov 11 1980,393,,Academic Press,Fuzzy Sets and Systems,English,Didier Dubois,https://ebooks-it.org/0122227506-ebook.htm,0122227506,,
,,PDF,9780136378433,,,Oct 01 1973,366,,Prentice Hall,Operating System Principles,English,Per Brinch Hansen,https://ebooks-it.org/0136378439-ebook.htm,0136378439,,
,,PDF,9781118314074,,,Aug 21 2012,840,,Wrox,Visual Basic 2012,English,Rod Stephens,https://ebooks-it.org/1118314077-ebook.htm,1118314077,,
,,PDF,9781118066881,,,Nov 01 2011,504,,Wrox,PHP and MySQL,English,Andrea Tarr,https://ebooks-it.org/111806688x-ebook.htm,111806688X,,
,,PDF,9780122227509,,,Nov 11 1980,393,,Academic Press,Fuzzy Sets and Systems,English,Didier Dubois,https://ebooks-it.org/0122227506-ebook.htm,0122227506,,
,,PDF,9780122227509,,,Nov 11 1980,393,,Academic Press,Fuzzy Sets and Systems,English,Didier Dubois,https://ebooks-it.org/0122227506-ebook.htm,0122227506,,
,,PDF,9780120683772,,,Nov 11 2002,416,,Academic Press,Data Acquisition Techniques Using PCs,English,Howard Austerlitz,https://ebooks-it.org/0120683776-ebook.htm,0120683776,,
,,PDF,9780130426727,,,Jun 07 2004,1272,,Prentice Hall,Error Control Coding,English,Shu Lin,https://ebooks-it.org/0130426725-ebook.htm,0130426725,,
,,PDF,9780844656250,,,Jun 14 1978,399,,Peter Smith,Information theory and statistics,English,Solomon Kullback,https://ebooks-it.org/0844656259-ebook.htm,0844656259,,
,,PDF,9780444109149,,,May 01 1976,422,,North Holland,Progress in Optics,English,Emil Wolf,https://ebooks-it.org/0444109145-ebook.htm,0444109145,,
,,PDF,9780136378433,,,Oct 01 1973,366,,Prentice Hall,Operating System Principles,English,Per Brinch Hansen,https://ebooks-it.org/0136378439-ebook.htm,0136378439,,
,,PDF,9781118314074,,,Aug 21 2012,840,,Wrox,Visual Basic 2012,English,Rod Stephens,https://ebooks-it.org/1118314077-ebook.htm,1118314077,,
,,PDF,9780122227509,,,Nov 11 1980,393,,Academic Press,Fuzzy Sets and Systems,English,Didier Dubois,https://ebooks-it.org/0122227506-ebook.htm,0122227506,,
,,PDF,9780122227509,,,Nov 11 1980,393,,Academic Press,Fuzzy Sets and Systems,English,Didier Dubois,https://ebooks-it.org/0122227506-ebook.htm,0122227506,,
,,PDF,9780122227509,,,Nov 11 1980,393,,Academic Press,Fuzzy Sets and Systems,English,Didier Dubois,https://ebooks-it.org/0122227506-ebook.htm,0122227506,,
,,PDF,9780120683772,,,Nov 11 2002,416,,Academic Press,Data Acquisition Techniques Using PCs,English,Howard Austerlitz,https://ebooks-it.org/0120683776-ebook.htm,0120683776,,
,,PDF,9780844656250,,,Jun 14 1978,399,,Peter Smith,Information theory and statistics,English,Solomon Kullback,https://ebooks-it.org/0844656259-ebook.htm,0844656259,,
,,PDF,9780444109149,,,May 01 1976,422,,North Holland,Progress in Optics,English,Emil Wolf,https://ebooks-it.org/0444109145-ebook.htm,0444109145,,
,,PDF,9780130426727,,,Jun 07 2004,1272,,Prentice Hall,Error Control Coding,English,Shu Lin,https://ebooks-it.org/0130426725-ebook.htm,0130426725,,
,,PDF,9780136378433,,,Oct 01 1973,366,,Prentice Hall,Operating System Principles,English,Per Brinch Hansen,https://ebooks-it.org/0136378439-ebook.htm,0136378439,,
,,PDF,9781118314074,,,Aug 21 2012,840,,Wrox,Visual Basic 2012,English,Rod Stephens,https://ebooks-it.org/1118314077-ebook.htm,1118314077,,
,,PDF,9780122227509,,,Nov 11 1980,393,,Academic Press,Fuzzy Sets and Systems,English,Didier Dubois,https://ebooks-it.org/0122227506-ebook.htm,0122227506,,
,,PDF,9780120683772,,,Nov 11 2002,416,,Academic Press,Data Acquisition Techniques Using PCs,English,Howard Austerlitz,https://ebooks-it.org/0120683776-ebook.htm,0120683776,,
,,PDF,9780122227509,,,Nov 11 1980,393,,Academic Press,Fuzzy Sets and Systems,English,Didier Dubois,https://ebooks-it.org/0122227506-ebook.htm,0122227506,,
,,PDF,9780844656250,,,Jun 14 1978,399,,Peter Smith,Information theory and statistics,English,Solomon Kullback,https://ebooks-it.org/0844656259-ebook.htm,0844656259,,
,,PDF,9780122227509,,,Nov 11 1980,393,,Academic Press,Fuzzy Sets and Systems,English,Didier Dubois,https://ebooks-it.org/0122227506-ebook.htm,0122227506,,
,,PDF,9780444109149,,,May 01 1976,422,,North Holland,Progress in Optics,English,Emil Wolf,https://ebooks-it.org/0444109145-ebook.htm,0444109145,,
